7
circ 12 0
2 1
2 2
4 1
4 2
4 3
4 4
5 6
6 1
6 2
6 3
6 4
6 5
lit 8 0
3 1
3 2
3 3
3 4
6 1
6 2
6 3
6 4
lit 8 0
3 1
3 2
3 3
3 4
6 1
6 2
6 3
6 4
red 1 0
2 1
gram 24 0
3 1
3 2
3 3
3 4
3 5
3 6
4 1
4 2
4 3
4 4
4 5
4 6
5 1
5 2
5 3
5 4
5 5
5 6
6 1
6 2
6 3
6 4
6 5
6 6
livr 1 0
5 1
ingl 3 0
2 2
4 1
5 2
h_afr 18 0
2 3
2 4
3 1
3 2
3 3
3 4
4 1
4 2
4 3
4 4
5 1
5 2
5 3
5 4
6 1
6 2
6 3
6 4
h_lat 1 0
3 4
h_ger 12 0
3 4
3 5
3 6
4 3
4 4
4 5
4 6
5 2
5 3
5 4
5 5
5 6
geo1 12 0
2 1
2 2
2 3
2 4
2 5
2 6
3 1
3 2
3 3
3 4
3 5
3 6
geo2 12 0
2 1
2 2
2 3
2 4
2 5
2 6
3 1
3 2
3 3
3 4
3 5
3 6
geo3 12 0
2 1
2 2
2 3
2 4
2 5
2 6
3 1
3 2
3 3
3 4
3 5
3 6
q_org 2 0
3 1
3 2
fis_q 1 0
6 1
q_ger 10 0
3 2
3 3
3 4
3 5
3 6
5 2
5 3
5 4
5 5
5 6
bio1 10 0
2 5
2 6
3 5
3 6
4 5
4 6
5 5
5 6
6 5
6 6
bio2 2 0
2 6
4 6
bio3 8 0
2 3
2 4
2 5
2 6
3 6
4 6
5 6
6 6
geom 9 1
4 3
4 4
4 5
5 3
5 4
5 5
6 3
6 4
6 5
alge1 6 1
4 2
4 3
4 4
4 5
6 2
6 3
alge2 3 0
4 2
5 2
6 2
fis1 10 0
2 4
2 5
2 6
3 4
3 5
3 6
4 4
4 5
4 6
5 6
fis2 21 0
3 2
3 3
3 4
3 5
3 6
4 1
4 2
4 3
4 4
4 5
4 6
5 2
5 3
5 4
5 5
5 6
6 2
6 3
6 4
6 5
6 6
fis3 8 0
3 1
3 5
4 1
5 1
5 5
5 6
6 5
6 6
fil 2 0
5 2
5 3
socio 9 0
4 4
4 5
4 6
5 4
5 5
5 6
6 4
6 5
6 6
atual 4 0
4 5
4 6
5 5
5 6
